#  RunNo  LumiNo        EvtNo
  190895     150    147392855
  191247     442    619356233
  190703     150    175266796
  190705     183    223419131
  193336     707    496759540
  193336     508    357695490
  190707     195    208802923
  193207      60     12526867
  190738     188    174239677
  191830     149    196563138
  191202      16     20910403
  190895     118    103639118
  190906     199    187295113
  191721      58     40163248
  191062     403    428684641
  191226     193    234172174
  191226     394    551228570
  191247    1036   1265042848
  191247    1138   1360063936
  191720      94     89845164
  193336     525    367870577
  193621     216    192536063
  193621     860    741407213
  193621    1390   1085755579
  193621    1496   1146428956
  194315     282    359513919
  194428      53     58035879
  194533     583    777433721
  193998     127    105655687
  194428      89     96517760
  194644      61     66636343
  193998     267    271517310
  194428     371    373569672
  194691     296    427664571
  194027      60     29997162
  194199     185    143737358
  194027     102     81769490
  194115     223    195490198
  194050      54     14643470
  194050     842    795173820
  194050     130    104592827
  194050     194    178807833
  194050     256    247310580
  194050    1301   1192679240
  194050     577    550954747
  194050     575    548546266
  194050    1456   1310329470
  194050     441    427278608
  194050     926    874051535
  194050    1219   1127128204
  194050    1309   1198433502
  194050     886    837288395
  194050    1216   1125129558
  194050    1565   1389928884
  194050    1361   1239059810
  194076     708    695030262
  194076     543    534868785
  194076     123    138154107
  194076     444    451113726
  194076     498    497508688
  194076     190    208503951
  194076     352    368341208
  194076     415    426126127
  194108     417    407241742
  194108     429    420475110
  194108     240    216640831
  194108     510    501983437
  194108     687    665705129
  194108     404    394271157
  194115     399    378749591
  194115     110     79383861
  194314     227    317692856
  194115     444    423063021
  194115     645    605124434
  194199     126     69791538
  194712     565    411365497
  194119     141    125664894
  194225      34     39602338
  194711     421    363676987
  194691     300    433367957
  194223      66     23524411
  194120      27     21658160
  194533     414    574834497
  194533     579    773446401
  194120     286    213662661
  194150      85     84504868
  194150     138    161269941
  194150     285    352601480
  194150     199    243737844
  194151      96     95765516
  194151     335    323342383
  194314     109    121456243
  194225      14     15405445
  194210      85     85421269
  194210     188    183396314
  194210     454    421140575
  194480     373    330233131
  194778     105    105429329
  194224     319    477953502
  194480     875    784611047
  194225      22     25453360
  194712      32     23773803
  194712     188    137739226
  194712     455    321750750
  194305      48     69236239
  194789     119    164383519
  194314     215    299799143
  194702      30     31785086
  194315     291    369891119
  194644     316    324440194
  194644     208    220074662
  194317      10      8719986
  194691     211    293276738
  194631     204    307993251
  194424     125    134191667
  194424     404    585518739
  194631     151    234939790
  194424     233    324185203
  194424     253    357630354
  194424     301    432697483
  194424     308    443106847
  194424     540    768367254
  194424     345    499610333
  194424     442    637841571
  194424     417    603428827
  194424     688    950155918
  194428     201    211622759
  194428     272    281281753
  194428     312    319242678
  194428     344    348725243
  194429      82     77635241
  194429     932    804096692
  194429     378    357106932
  194429     519    479338261
  194429     520    479968297
  194455      88     98580226
  194455     241    376284736
  194464      33     50220004
  194479     461    520908970
  194479     512    570191492
  194480    1027    907118956
  194479     502    560644501
  194480      58     52792688
  194480     689    625730878
  194778     106    107986736
  194533     163    219094577
  194533     223    310046195
  194533     326    457591922
  194533     349    489152222
  194533     777    962968488
  194619      48     83063719
  194631     125    194899736
  194643      76    100456250
  194643     231    292762487
  194644      77     84205423
  194644     404    405163048
  194711     107     97044594
  194691     235    333130859
  194711     308    270800073
  194699     132    160329383
  194702     110    114701929
  194704     533    488258389
  194711      58     53221989
  194712     730    570722288
  194789      30     42554612
  194789     283    372458102
  194825     134    129508932
  195304     167    230071652
  194897      38     69320906
  194912      54     21114129
  194912     143    208294600
  195649     159    234906233
  194912     328    552920876
  194912     310    523356745
  194912     346    585022712
  194912     519    852807721
  194912     631   1013496663
  194912     681   1079536905
  194912    1142   1607362491
  194912     920   1371402341
  194912    1038   1500699321
  194912    1201   1662588089
  194912    1521   1949029270
  195113      90    121168898
  194912    1537   1961508416
  195163     192    255742980
  195390     319    249442870
  194915      58     54814119
  195114      48     45317370
  195658      51     38032219
  195013     305    451252361
  195013     335    497722048
  195251     115    208442667
  195013     382    571300368
  195013     486    720187120
  195016      65     78467433
  195016     217    250789144
  195016     412    453488889
  195016     499    533136395
  195378     275    344841781
  195016     565    590065006
  195099     127    159739737
  195540      90     61998816
  195099      95     95633350
  195099     185    271098146
  195099     183    268499972
  195304     256    340623470
  195109     240    315082203
  195109     240    314691032
  195304     432    542439982
  195113      19     24577933
  195113     434    522161887
  195113     229    294639364
  195113     256    325700494
  195113     291    364737163
  195163     228    319984231
  195113     567    657768473
  195114      99     92889782
  195147     206    153889174
  195147     190    126073333
  195147     469    573318012
  195147     419    501968477
  195147     489    602035472
  195552     155    261414961
  195165      49     64635129
  195165     145    193054329
  195165     205    269731231
  195251     236    402603377
  195303     147     95342890
  195303     222    232224989
  195530      90    143508715
  195303     250    280396321
  195378     568    708055880
  195378    1066   1188267991
  195304     640    784693089
  195304    1083   1167225582
  195304    1121   1196578602
  195378     215    259472285
  195378     306    387005008
  195378     426    540499970
  195378     826    974116470
  195378     778    927979124
  195390     223    177843024
  195390      71     58327860
  195390      13     10484108
  195390     226    180052270
  195396      54     21715622
  195398    1295   1026911062
  195396     129    162005577
  195398      41     33998911
  195398     929    775257180
  195398    1575   1284751365
  195397     152    246403646
  195397     266    411748689
  195397     359    533538025
  195397     715    941715516
  195397     943   1164665477
  195397     977   1195877529
  195398     151    117381198
  195398     395    341906226
  195398      34     28705808
  195655     460    504677636
  195774     471    776954239
  195398     996    823935053
  195774     395    671915571
  195398     965    801193109
  195398    1019    840065068
  195398    1052    863341931
  195749      73    148222057
  195530     299    439855337
  195530     364    522668593
  195540     202    263545819
  195540     301    420326175
  195552     178    296525487
  195551     102     44714421
  195552     530    767233609
  195552     589    834223621
  195552    1363   1540325956
  195552     566    807952044
  195552    1132   1350622757
  195552    1767   1909825992
  195552    1474   1648990943
  195758      17     25083700
  195757      47     75574417
  195552    1522   1694132552
  195757      37     61984895
  195757     125    206774828
  195649      12     17893542
  195655      31     38110268
  195656     316    278805321
  195656      28     25783374
  195774     304    537792927
  195656     350    306689006
  195658      95     83315323
  195658     285    265504795
  195774     751   1119190055
  195757     122    201940672
  195774     131    249510454
  195774      69    136232523
  195774     481    790152489
  195774     755   1122916196
  195776     282    232975347
  195841      81     41574458
  195868     130    220525431
  195915       5      7931250
  195915     274    460405671
  195915     201    348864717
  195915     306    508298518
  195915     387    620074495
  195915     331    543896323
  195915     667    964815607
  195915     711   1013924324
  195915     784   1090126381
  195916       3      2723623
  195916     183    174535874
  196203     102     84748499
  195948     246    418055795
  196453    1016    890606498
  195930     431    382333501
  196027      74    116198808
  196200      21     18780588
  196452     252    333605221
  196027      28     43412931
  195948      95    182539105
  195948     318    519492640
  195948     373    593442634
  195948     363    579618694
  195948     458    702201428
  195948     435    673787681
  195948     455    699441388
  196453     138    132657585
  195948     540    802383547
  195948     552    815660974
  196453     375    343668498
  196453     335    309318333
  195950       4      4394910
  195950     261    275484951
  195950     479    474547642
  195950     203    211541434
  195950     350    359619945
  195950     227    242104778
  195950     653    619434820
  195950     790    725759220
  195950    1303   1189634733
  196250      37     69466885
  195950    1286   1174720652
  195970      53     29090513
  196019      54     33418990
  196200      34     31230861
  196027      44     68812598
  196027      34     54285044
  196047       9     15834791
  196197     328    497991950
  196197     513    763667621
  196197     375    569352095
  196199     116    141519898
  196199     522    570581984
  196438      91     78957086
  196452     166    184377165
  196202       3      5244096
  196249      77     53888551
  196218     511    757214378
  196239     149    154119908
  196452     394    559147358
  196239     393    384406133
  196239     551    518994074
  196239     622    576261685
  196239     695    634008883
  196362      87    105133036
  196249      82     64300348
  196334     292    450825840
  196250     230    393290204
  196250     239    406165475
  196250     416    656315502
  196334     238    359638825
  196250     209    359423383
  196250     312    514439650
  196250     272    455981467
  196250     426    668332376
  196349     212    312176648
  196362      54     66089335
  196364    1121   1034447503
  196364     715    660888907
  196364     600    569327008
  196438     389    318149407
  196438     351    289075996
  196438     550    444820683
  196438     901    772011739
  196452     210    261688914
  196452     465    663096337
  196453     119    114042402
  196453     388    354595910
  196453     560    495717307
  196495     234    226369546
  196531     432    614535310
  199319      16     25242990
  199319     148    233280737
  199572      27     23395971
  199572     279    236394272
  199409     349    455007040
  199011       6      6021936
  198208      77     61306480
  198208      79     62600130
  199336     703    621456052
  198969     420    544636311
  198954     212    247185635
  198969     504    638300639
  199336     514    470288810
  198969     512    647138051
  198271     339    412573738
  198210      63     42544237
  198210      70     47528092
  198210     182    120189657
  198210      73     49536710
  199021     274    334022705
  198212     116     67113741
  199021     123    124735341
  198212     255    142678395
  199569      88    109670879
  198230     284    308496130
  198230     315    339242083
  198230     495    501275672
  198230     433    447300763
  198230     541    539572381
  198969     120    151524275
  199428     431    528489540
  198230    1018    884510066
  198230    1113    942902778
  198230    1325   1066312921
  198269     135    216678012
  198269      32     54208254
  199429     120    134212816
  198269     164    259866926
  198271     203    259084324
  198271     429    507293028
  198271     567    661447895
  198271     695    798126853
  198272     161    153109437
  199336     208    202933956
  198272     592    513225190
  198272     361    327800169
  198485     109     90236490
  198272     596    516137114
  198487     311    372728172
  198487     296    356484848
  199336     691    611954849
  199336     770    672790434
  199336      53     53526110
  198487     248    302985417
  198487     262    319256034
  198487     194    241074533
  198487    1098   1170465905
  198487     883    974074220
  198487    1264   1310181343
  198487     992   1076675676
  198487     974   1060727171
  198487    1150   1215657760
  198487    1581   1555235592
  198955     120    149444828
  198487    1489   1487026711
  199572      49     43103781
  198522     171    177317797
  198969     362    475927256
  198955     430    502234509
  198955     383    446237555
  198955     197    239122915
  198955     512    596584747
  198955    1274   1315635332
  199356     125     78002630
  198955    1353   1377998142
  198969     171    225215479
  198969     457    586745785
  198969    1053   1220277284
  198969    1159   1323582665
  199008      85     62889585
  199008     394    498551792
  199008     447    562750061
  199008     189    222579371
  199008     309    389845215
  199008     255    316594398
  199008     520    643127496
  199008     547    673553096
  199021     459    564342664
  199021     707    833509698
  199021     961   1114548424
  199021    1317   1455607345
  199021    1252   1397685267
  199021    1255   1400343782
  199318      67     34015247
  199319     610    802671612
  199336     745    654009930
  199435     399    465432096
  199409     588    711256139
  199435      93     67433306
  199409     179    244814333
  199409     322    424619486
  199608    2190   2054391683
  199409     408    523001579
  199435     117    103016631
  199409     348    454612558
  199435     106     87562950
  199435     179    190611145
  199409     657    786062773
  199409     700    834809836
  199435     415    483436682
  199435     438    509741812
  199428      85     79613677
  199571     520    539517217
  199571     204    226454307
  199428     466    567387320
  199428     536    642647482
  199428     478    579807206
  199429     126    140800236
  199435     375    437336661
  199608     789    915338096
  199435     395    461150466
  199435     510    587608102
  199435     596    678242758
  199435     869    979428877
  199435     723    823712871
  199571     522    541139306
  199435    1353   1425013824
  199435    1124   1226273908
  199435    1164   1261959379
  199436      49     36010719
  199436     527    353016341
  199569      66     82635892
  199569     276    322578218
  199574      17     12880238
  199608     125    119294807
  199608    1455   1536459546
  199608     564    662760313
  199608     783    908507679
  199608    1226   1341451390
  199608    1268   1378476030
  199608     775    899663455
  199608    1010   1140935628
  199608    1032   1162015025
  199608    1080   1207210223
  199608    1107   1232507683
  199608    1628   1671850556
  199698      83     62875313
  199699     398    471001292
  200091     543    661859455
  199699      30     41807924
  199699     554    649047998
  199699     335    403734852
  199699     485    572164810
  199699     750    851569413
  199703     381    330295254
  199703     208    187134494
  199752     167    210094692
  199752      28     35039167
  199752     130    166362045
  199752     183    229707554
  199752     160    201613047
  199752     195    244037842
  199754     158    179648620
  199754     160    180834978
  199754     883    835733567
  200519      42     64751761
  199754     986    911684544
  199754     902    850119510
  199804     258    291160448
  199804     134    119043131
  200075     159    152775131
  199804     178    182571701
  199804     219    239299730
  199804     561    642099119
  199804     270    306175160
  199804     588    676329185
  199804     526    605841517
  200229     169    183217910
  200229     107    108076086
  199812      99     72136533
  199812     161    165862734
  199812     344    410262885
  199812     395    471648438
  199812     443    527856745
  200245      56     65686964
  199812     620    718439131
  199812     715    828459758
  200491     167    184362308
  199864      64     94677620
  199834     778    577561680
  199834     523    370871962
  199832     263    323852680
  199834     806    604950141
  199834     221    166476413
  199833    1044   1127539859
  199833     719    818420303
  199833     376    438737858
  199833    1007   1095094459
  199833     645    740617395
  199833     937   1032083922
  199833     971   1062857630
  199834     377    275103397
  199834     377    274772577
  199834     380    276965979
  199864     450    567760399
  199834     754    554317402
  200519     144    216290002
  200473     147    101966407
  200473     882    936430482
  199864     117    168020251
  199864     363    474478091
  199864     298    398667809
  199864     407    522044292
  199867      98    100263145
  199867      94     95355741
  199867     182    195094203
  199875     294    380008201
  199867     318    341109049
  199875     220    277338826
  200473     682    738360785
  199876     196    232116331
  199876     292    334273442
  199877      15     16556882
  199877     552    558486561
  199877     789    754891578
  199877     833    788556064
  199877     869    815946043
  199877     417    435354671
  199877     370    390544625
  199877     437    454039948
  200525     955   1164843276
  199877     633    627792510
  199877     841    794684612
  199877     638    632598289
  199877     792    756960397
  200525     838   1034561428
  199877     783    750289073
  200042     254    213975515
  200042     215    182517706
  199960     125    111900749
  200042      67     58175870
  199961     197    208877824
  199961     225    242519186
  199967      86     63536355
  200369      10     10118930
  200369      11     10424421
  200041     183    208477139
  200041     443    554714334
  200041     425    532829394
  200041     485    603968040
  200041     640    772642290
  200042      83     71897849
  200042     130    112293845
  200042     175    149601447
  200042     172    146828695
  200042     404    329136452
  200091     493    604691229
  200049     107     69493510
  200091     428    526814296
  200091     422    520410690
  200049     115     74520926
  200075     144    128401329
  200243      78     42814268
  200091     102     67888793
  200091     333    407095080
  200091     517    631703003
  200091     534    651488458
  200091    1054   1218099201
  200091     668    796272021
  200091     707    838220015
  200091    1480   1605141983
  200091    1099   1262803505
  200525     355    474786588
  200161     104    164812353
  200525     197    238594017
  200525     528    692146464
  200186      22     32235359
  200188      17     23228913
  200188     278    360052675
  200190     123    160929445
  200190      35     46078758
  200190     310    381215523
  200190     367    446100211
  200190     527    615844036
  200190     666    752583431
  200491     305    396244579
  200229     164    177062194
  200229     321    351219330
  200229     210    230564809
  200243     102     85963069
  200243     129    133059164
  200244      84    134169210
  200244      19     32155199
  200244      43     70041362
  200244      52     85436186
  200244      52     85142747
  200244     163    249747551
  200244     181    274737678
  200244     218    326043197
  200244     405    562224507
  200244     440    603453175
  200244     466    631996423
  200369      98    114083838
  200525     264    344301261
  200473     286    287830407
  200519     171    253919175
  200473     283    284918720
  200519     217    314421294
  200519     729    901516520
  200473     752    810865810
  200473     932    982639229
  200473     947    995982454
  200491     160    173808613
  200519     234    334020417
  200519     278    389505378
  200519     465    603929741
  200525     210    258589573
  200525     812   1005388442
  200599     102     64977156
  200600     816   1034498564
  200600     986   1215058506
  200600     821   1039528117
  200600    1115   1341648489
  200976     137     91212130
  201191    1103   1463240033
  201611     185    195487727
  201191     414    637068950
  200991     220    317031748
  200991      90    138155810
  200991     132    199110193
  201159     163    198392696
  200991     754    934649448
  200991     847   1034116847
  200991     947   1137108903
  200992     285    248131181
  201197       1        71936
  200992     105     95440745
  200992     217    191720181
  200992     126    113508229
  200992     440    370920176
  200992     418    353582790
  201062     143    150054467
  201062     188    231239916
  201191     118    127810590
  201611     101     42495618
  201679      26     21901556
  201097     318    423112984
  201097     225    283407228
  201097     277    364061534
  201097     456    612346003
  201718      79     53136587
  201097     398    536257479
  201097     375    503936397
  201097     437    587057098
  201159     177    223251048
  201164      98    156032992
  201164     337    487524643
  201168     116    128994807
  201168     506    560846088
  201168      82     91911817
  201168     226    248553437
  201168     373    418885943
  201168     527    582941493
  201168     451    502684433
  201168     519    574039714
  201173     348    292596839
  201173     214    185736988
  201174     350    225481762
  201624     135    141023554
  201174     440    288830291
  201191     324    499185950
  201191     337    520996139
  201191     923   1261293976
  201191     898   1232543939
  201191     735   1047464313
  201278     307    428802144
  201278     498    683294537
  201196     117    101099769
  201196     187    158766884
  201658     106    193275447
  201196     180    153213726
  201196     453    366205048
  201196     454    367229459
  201202     337    308861625
  201202     414    374337517
  201229      19     34571506
  201229      60    109192574
  201278     247    337038159
  201613     358    551448227
  201613     163    272442464
  201278     203    267677100
  201613      86    148610866
  201613     639    888754700
  201278    1248   1490608310
  201278     430    597380632
  201278     608    814688117
  201278     342    477970880
  201278     508    695968667
  201278    1672   1843746194
  201278    1027   1273307131
  201278    1077   1324597239
  201278    2112   2144680720
  201278    1146   1393839168
  201278    1299   1536905530
  201278    1580   1772642374
  201278    1665   1838036943
  201278    1940   2033512366
  201602     185    211085902
  201602     326    445788358
  201602     289    387750269
  201602     425    587143160
  201705     180    229512894
  201613      39     67595103
  201671     399    515628273
  201671      26     38077841
  201613      89    153164605
  201613     121    206328454
  201613     201    329941620
  201613     201    329710921
  201613     113    192715845
  201613     292    462197748
  201613     459    679899038
  201613     414    623804792
  201613     504    735164948
  201625     405    591720832
  201625     429    619630593
  201625     663    882553219
  201658      65    121167234
  201802     283    390210097
  201669      96    171668198
  201669     117    207045691
  201729     107    167028883
  201671      96    140508828
  201671     159    226086119
  201671     201    280981311
  201671     825    977258839
  201678      72     64697781
  201824      46     41130981
  201679     410    325045571
  201707     110    161562377
  201707     241    334194014
  201707     617    759632836
  201707     533    667575385
  201718      72     40362413
  201727      84     46521551
  201729      17     26718861
  201729      27     42324648
  201794      65     28598838
  201816      47     55235815
  201816     105    121169275
  201816     152    173404077
  201817      45     47005737
  201817     129    130988771
  201819      85     72815726
  202013      27     42702112
  202014      56     66121798
  202016       2      1318831
  202016      65     74479760
  202209     111    170763815
  202016      99    112777874
  202016      79     90274172
  202016     211    232569049
  202016     231    256972310
  202016     428    479445647
  202075      62     99576777
  202016     448    500393477
  202016     712    760566769
  202044     111     99201279
  202044     232    303482457
  202044     326    444694311
  202045      48     58610196
  202045      89    108305508
  202045     187    221066350
  202045     519    583114100
  202045     719    789346140
  202045     677    747997977
  202054     431    347158865
  202054      52     45020382
  202087     930   1073930659
  202054     394    319742727
  203002    1570   1762985841
  202060      78     16073762
  202060     798    962424833
  202060     232    278451153
  202060     290    363780052
  202060     304    383094006
  202060     339    431399698
  202972     193    274890354
  202060     386    493233340
  202060     466    592917324
  202060     699    849531660
  202060     482    611962393
  202060     575    718966203
  202972     381    502792734
  202060     608    754772727
  202272      80     25744601
  202272      80     26998825
  202272    1003   1109029416
  202074      82     54013464
  202088     272    220678360
  202075     186    278567324
  202305     204    189725776
  202075      36     57758477
  202075     121    186525856
  202305      19     18174699
  202075     502    661666273
  202075     353    491247840
  202075     573    734651264
  202075     468    624123927
  202075     570    731619757
  202075     577    738041651
  202084     106     55432785
  202084     113     68204432
  202084     138    112067142
  202087      69     98688307
  202087     447    559147641
  202087     105    150065950
  202087     291    384509930
  202314     197    260530024
  202087     543    664176918
  202087     700    841181898
  202087     618    751988096
  202087     840    986349944
  203002     281    375919898
  202088      29     24076327
  202272     699    805561829
  202093     268    183627815
  202178     623    760060408
  202314     178    224832269
  202178     545    675290789
  202178     625    762023844
  202178     643    780549722
  202178     673    812414966
  202178    1287   1432381391
  202178     926   1094793898
  202178    1210   1365869435
  202178    1241   1392677492
  202178    1428   1548493270
  202178    1415   1538003218
  202178    1410   1533845803
  202478     181    197411564
  202209      58     91153341
  203002     352    476742430
  203002     346    468794574
  203002    1103   1337785807
  202237     775   1085884854
  202237     461    700633660
  202237     589    867174520
  203002     486    651488733
  202237     609    891814898
  202237     830   1146778781
  202237     764   1073058111
  202237     879   1198869453
  202237     997   1320978370
  202237    1076   1412384863
  202272     298    349165673
  202272     452    533744719
  202272     640    736229157
  202272     653    752191974
  202272     998   1104629184
  202272    1326   1392590579
  202299     104     84150885
  202299     125    120987692
  202299     144    154241481
  202299     118    108064210
  202299     328    458012795
  202299     477    663921891
  202299     229    303057710
  202299     244    328488970
  202305     194    180638188
  202314     187    240692362
  202328      75     65527100
  202504     814   1013281907
  202328     259    385505703
  202328     336    505124969
  202328     378    565905747
  202328     357    536031197
  202328     469    693907977
  202389     194    233208611
  203002     578    759863545
  202469     290    405014909
  202469     174    197363654
  202469     202    249764525
  202469     272    374080733
  202472      85    120915759
  202472      77    109558352
  202478     935    963755748
  202478     120    134203161
  202478     334    370013211
  202478     333    368416491
  202478     483    532206936
  202478     530    581190590
  202478     545    597013333
  202478     636    688052705
  202478     799    843260610
  202973      22     25526460
  202504     340    459632338
  202504     615    796590305
  202504    1167   1372433079
  202504    1695   1806193137
  202504    1142   1348714194
  202973      80     90767133
  202973     452    461022944
  202973     224    242307463
  202973     372    386949069
  202973     968    875033757
  202973    1122    981152814
  203002     259    343026584
  203002     288    386324129
  203002     553    731341306
  203002     937   1161481151
  203002    1122   1357698665
  203002    1577   1768018497
  204564      56     67504683
  204564     379    420155800
  204564     247    284194221
  205193      84     57789108
  203830     114     61211115
  203894     771    854534375
  203894     636    713020244
  203833      52     44198004
  203835      47     35246111
  203835     156    112166320
  203853     128     69170304
  203853     204    174219125
  203894     372    417674097
  203894     154    146719712
  203894     186    191537377
  203894     143    131171221
  203894     263    291023692
  203894     642    719716364
  203894     531    593909447
  204544     198    282158963
  204544     275    378141221
  204544     308    417196484
  203894     982   1053370710
  203909     157    189202321
  203909     224    302247830
  203909     297    420761454
  203912      18     24449161
  205193     154    187669936
  203912     273    331479646
  203912     448    521748858
  205303      44     64401789
  203912     260    316820273
  203912     268    325906872
  203912     499    579303021
  203912     449    523796038
  203912     495    575541994
  205193     884   1126772334
  203912     585    672626728
  203912     684    775284378
  203912     697    787542513
  203987     237    283441073
  203987     251    298517624
  203987     598    687872648
  203987     599    689201194
  204563     242    306545697
  203994     178    165984882
  203994     193    176940919
  204563     107     75388413
  204563     126    108508971
  203994     392    319327228
  204113     237    341425894
  204113     422    638890122
  204577     695    828976963
  204113     462    696172218
  204113     503    752928953
  204113     491    736544005
  205217      20     21079151
  204113     647    939327759
  205217     147    153189630
  204250     173    193779291
  204577     197    271068432
  205217      51     54252177
  204250     281    368475462
  204250     313    416511620
  204250     277    362358118
  204250     469    628595826
  204250     639    827487628
  204250     610    795376695
  204541      61    107908857
  204541     125    226837675
  204601     447    543398300
  204544     210    297493706
  204544     338    451802277
  204553      57     50358458
  204554     216    174562658
  204554     159    129634287
  204554     188    152321494
  204554     252    202076358
  204555     260    171012519
  204555     208    138321575
  204563     450    615749786
  204576     212    322579601
  204564     566    622785694
  204564     713    778023597
  204564    1136   1165594405
  204576      54     48140572
  204576     155    223948861
  205344     835    901909862
  204576      73     83103462
  204576     145    206202730
  204576     181    271151861
  204577     548    671499808
  204577     359    466876792
  204577     490    610240799
  204577     867   1018098754
  204577    1101   1249849215
  204577     711    847591959
  204577     909   1061356633
  204599     165    222625922
  205339     127    139826808
  204601     490    586533621
  204601     505    604462598
  204601     576    685115810
  204601     898   1008689765
  204601     904   1014196028
  204601    1003   1102292868
  204601    1193   1260033500
  205111     365    513332932
  205339     202    263166828
  205158     115    115095270
  205158     140    162318675
  205158     272    383992888
  205158     246    343650676
  205158     259    363608667
  205158     289    409049320
  205158     716    935708380
  205158     382    540871991
  205158     700    918773359
  205158     732    952129854
  205310     206    272761679
  205193     191    252840620
  205193     545    755414445
  205303      99    161913241
  205193     795   1026172993
  205193     799   1029991133
  205233      96     48289259
  205236       4      4989098
  205236     126    190052018
  205238      64     69683505
  205238      81     87809096
  205238     381    408010618
  205238     368    395233310
  205238     370    396681443
  205238     545    566846035
  205310     336    466797463
  205310     408    562343442
  205311     304    330237532
  205311     990    943888625
  205311    1161   1066402677
  205311     209    225008617
  205311     647    666231319
  205311     927    896524274
  205311     701    712979856
  205339      91     75947930
  205339     168    208936299
  205339     239    320015571
  205339     311    426012291
  205339     374    512866936
  205344     245    285599241
  205344     265    306925048
  205344     493    555624289
  205344    1424   1387405014
  205344     671    743818173
  205344    1054   1098197079
  205344     959   1015038760
  205666     192    292744776
  205666     114    151860532
  205666     118    159284861
  205666     165    244391043
  205826     168    212427647
  206088     110     95960035
  206208     292    315189237
  206476     157    190610109
  205718     679   1051546750
  205515     154    170824344
  205515     199    238390751
  205519      37     50208605
  205519     156    195183801
  205519      94    121863919
  205519     192    235462039
  205667     201    210366022
  205519     362    420273667
  205519     340    395993454
  205519     451    514494847
  205526      81     77814868
  205526     185    171669984
  205526     308    273846177
  205617     339    365851898
  205617     276    299970441
  205617     494    513726766
  205617     128    138014785
  205666     672    978003217
  205667     430    465188736
  205667     902    908935566
  205667     907    913309727
  205683     116    117332726
  205683     229    293519355
  205774      19     29858741
  205683     274    355569669
  205694     113    119856341
  205694     407    424617700
  205694     778    719110719
  205694     861    774288540
  205694     497    503991948
  205718      69     84741957
  205908     192    254851637
  205718     129    198731539
  205718     151    238485903
  205718     605    957638832
  205718     680   1052112008
  205781     169    279584509
  205781     193    310099822
  205781     396    550874943
  205826     256    358902379
  205826     344    493565619
  205833     121    127876094
  205833     246    352733608
  205834     155    215970838
  205834     154    214647152
  205908     168    216001417
  205908     190    251588937
  206066     117     96671493
  206066      99     65160108
  206302     156    249439045
  205921     418    620800821
  205921     538    768147073
  206389     174    198513043
  206389     242    319576335
  206207      86     61973027
  206484     101     81064323
  206187     147    147251573
  206484     142    157491030
  206187     176    200563424
  206187     287    407054467
  206187     288    407916279
  206484     349    499128308
  206478      52     71990919
  206484     283    395861719
  206484     356    510523519
  206188       1       862215
  206484     376    540840377
  206331     129    136145706
  206207     186    250467165
  206207     218    307723787
  206207     273    401899210
  206331     235    322532854
  206207     289    428237116
  206207     330    493044078
  206207     342    512165724
  206207     586    849554061
  206208     105    115099939
  206208     202    215381022
  206210     131    125794275
  206210     410    368388981
  206243     123    154997650
  206243     156    214919769
  206243     188    274283094
  206243     241    369242483
  206243     301    469525648
  206243     363    566699212
  206246     643    600360412
  206243     433    667959001
  206246      51     54674758
  206243     905   1219753350
  206245      60     66734831
  206246     227    233723293
  206246     676    626515353
  206303      28     36160374
  206331     279    398393374
  206389     364    514028134
  206446     205    266232681
  206446     511    738929264
  206446     542    779285057
  206446     579    827911441
  206446     673    943315043
  206446    1020   1325796347
  206446    1136   1456965743
  206448     149    154146482
  206448     300    299137689
  206448     723    659382627
  206448    1010    870077827
  206448    1057    902455361
  206466     104    192709342
  206466     232    418736558
  206466     417    693210696
  206466     489    788214610
  206466     530    841109638
  206466     671   1007376377
  206476      76     51649549
  206484     180    222157670
  206484     346    494892052
  206484     618    867940462
  206484     502    719451631
  206484     528    753690100
  206484     624    875724823
  206484     587    829957070
  206484     568    806239626
  206594     137    165792862
  207214      84    107861150
  207214     786   1111354631
  206512     269    341718096
  206542     188    334870211
  206512     324    424469959
  206512     387    513774314
  206512     458    608837701
  206512     642    832269254
  206512     793    996949857
  206512     838   1043378547
  206512     897   1105282212
  206512     960   1178288917
  206512    1196   1432422872
  206513       7      6529028
  206513      63     61762387
  206513     294    272486866
  206745     202    229256288
  206745     109    126516509
  206542     173    308768237
  206745     411    453166962
  206542     221    387894571
  206542     603    898677154
  206542     563    851947407
  207279     356    526923738
  207279    1125   1431388747
  207279     871   1145876049
  206575      44     64848357
  206594     166    219558502
  206595     103    150757535
  206595      84    124273554
  206596      48     57666497
  207269     444    601571831
  207269     266    353700546
  207269     409    555625068
  206596     261    294565449
  206596     797    853340256
  206598      29     25572750
  206598     143    126210426
  207371      97     93107197
  206598     286    244364115
  206598     532    431175444
  206598     699    545936281
  206598     379    317209086
  206598     575    461503872
  206744      69     61516551
  206744      75     72184847
  206744     202    284448787
  206745     703    762851974
  206745     418    460299274
  206745     395    433686179
  206745    1434   1377226139
  206745     823    878545224
  206745    1111   1129587438
  206745    1062   1089070733
  206745    1650   1523622690
  206745    1537   1448723866
  206745    1663   1532329875
  206859     328    491667560
  206859     429    652421789
  206859     607    899357941
  206866     251    266091247
  206869     591    554604407
  206869     145    151410481
  206866     266    283378583
  206897     126    197747883
  206906     172    215448612
  206940     202    276500600
  206940     210    286593254
  206940     384    493175530
  206940     317    416198836
  206940     392    502675839
  206940     705    843665860
  206940     517    637490335
  206940     513    633240554
  206940     601    723418091
  206940     591    712678544
  206940     982   1132780727
  207099     442    643904720
  207099     168    201505430
  207099     183    229230731
  207099     380    554288452
  207099     217    288992217
  207099     390    569823205
  207099    1091   1409277545
  207099    1013   1321292848
  207100      39     40438881
  207217      16     16171847
  207219      64     75410527
  207221       7      6426300
  207221      61     61240516
  207222      58     54873349
  207222     223    205136152
  207231     157    201124049
  207231     648    952892954
  207231     682    994016023
  207231     695   1009976045
  207231    1047   1399965716
  207231    1100   1460061831
  207231    1283   1655328097
  207233      31     26984749
  207269     402    546635940
  207269     387    526408964
  207269     389    528698124
  207269     247    324830044
  207269     532    713705514
  207273      12     16084521
  207273     229    258473119
  207273     487    543349136
  207273     847    899309997
  207273     853    904335340
  207279     919   1197312141
  207279     684    942645276
  207279     842   1115126323
  207279    1109   1413837463
  207320     210    174166875
  207372      46     77009417
  207372      50     82671412
  207372      90    143385415
  207372     106    168596752
  207372      98    156660403
  207372     250    377473888
  207372     350    509267239
  207372     461    645721863
  207397      93    151770234
  207920     124    136523019
  207920      89     73129394
  207920     211    300173736
  207920     217    309112129
  207920     647    938242339
  207920     550    816025577
  207920     769   1081578739
  207922     133    150535887
  208341       9     11210684
  208341      81    102539298
  208341     213    253615555
  208341     140    169734021
  208341     265    311616599
  208341     632    712948132
  208341     664    745838081
  208341     797    875071665
  207454      87     78837027
  207454     701   1015016670
  207454    1559   1920494941
  207454     331    511380311
  208686     204    292526669
  208686     412    636049541
  207454    1034   1380900797
  207454    1262   1632600242
  207454     872   1206959159
  207454    1384   1755951016
  207454    1468   1836586547
  207454    1563   1923859739
  207454    1526   1889968682
  207454    1564   1924400353
  207454    1688   2033099985
  207454    1853   2167103733
  208540      12     18794707
  208357     467    477509961
  207477     223    337041605
  207477     229    347114175
  207477     422    670684680
  207477     427    677239693
  207477     537    837386190
  207487      55     58208408
  208487     296    488928938
  207515     580    900902891
  207905     276    393651922
  207487     152    237581377
  207487     156    246287887
  207487     313    516483426
  207487     293    484404515
  207905     301    433897704
  207905     562    807056424
  207487     286    474181039
  207487     343    563342351
  207487     421    678626968
  207488     130    166745887
  207488     151    192626085
  207488     209    262125933
  207488     258    319906245
  207488     412    488254294
  207488     389    463493127
  207490      94    103100491
  207491     151    161122935
  207492     263    214839398
  207515     609    939827350
  207515     270    414427846
  207515     222    324321859
  207515     385    608957203
  207515     504    793532418
  207515     491    773197549
  207515     525    822778734
  207515     547    855243979
  207905     574    822149771
  207515     980   1381005882
  207515    1207   1629475170
  207515    1123   1535246375
  208390      82     75241033
  207882      38     52906037
  207884     163    245310677
  207886      26     29462309
  208307     120    200269682
  207889     268    296724035
  207889     539    560708044
  207889     315    343339433
  207889     414    442318686
  207889     579    596868833
  207898      74    125237186
  207898     112    186716270
  207905     437    637295814
  207905     613    871391522
  208551     479    762760477
  208551     481    765308664
  207905     853   1144978184
  207905    1220   1542871481
  207905    1124   1442315848
  207905    1397   1715702526
  207920     782   1097266349
  207922     220    246545813
  207924     122    121646667
  208307     326    498213833
  208307     104    174783703
  208307     167    272487971
  208307    1034   1310990442
  208307     612    834732790
  208307     718    961521969
  208307     992   1267918585
  208307    1120   1396386105
  208307    1252   1519182803
  208307    1280   1544310537
  208339     169    206920043
  208339     196    252362018
  208339     178    222820790
  208339     181    227636471
  208351     160    189345778
  208351     266    371082151
  208351     288    404156952
  208351     349    494058434
  208541     134    202783678
  208353      29     38097537
  208353      38     49583214
  208353     112    141500922
  208353     162    201466298
  208538      21     35813649
  208353     228    278723158
  208353     262    316831396
  208357      61     60571080
  208391     460    623633578
  208357     297    311871218
  208357     266    279684172
  208357     267    280801603
  208357     443    455354251
  208391     108    164163456
  208391      63     94934444
  208391     162    243454274
  208391     738    925793273
  208391     864   1066877668
  208391     793    988997477
  208427     134    203801054
  208427     134    204051326
  208427     229    366570162
  208427     332    528265562
  208427     570    847645461
  208428      89    101699868
  208428      68     78720969
  208429     269    296521958
  208429     803    777367718
  208487      13     19459795
  208487      93    165723616
  208487     209    357569090
  208487     354    569331759
  208540      60    105906648
  208487     504    759633901
  208541      30     48016203
  208541     400    537105586
  208541     369    500739986
  208686      89     79232559
  208686     203    291245555
  208686     203    290732472
  208686     389    600886652
  208686     458    704158989
# Total events 1577
